"amendment"	"Soil_type"	"Treatment"	"Time"	"CO2flux"	"N2Oflux"	"CH4flux"	"NO3"	"NH4"	"TotalCadded"	"TotalNadded"	"pH"	"OM"	"gravimetricSM"	"nosZII"	"nosZI"	"fnirk"	"nirK"	"nirS"	"aoa"	"aob"	"pmoa"	"mcra"	"nifH"	"plant_heights"	"plant_leveas"	"plant_weight"
"X65dclayCCfeb1"	"Ccfeb"	"clay"	"No_plant"	65	-0.05451095	0.068276694	-0.029262583	112.5	2.21	NA	NA	7.57	3.92	29.78566149	4.338965821	2.809489297	2.79570643	5.68291958	3.349508894	3.030496659	3.112839351	2.904564105	2.01330445	4.277320636	NA	NA	NA
"X65dsandCCnovP1"	"Ccnov"	"sandy"	"wheat"	65	-0.277425011	0.113386135	0.011953647	0.05	1.33	NA	NA	5.82	5.22	5.487804878	3.096285679	12.84269997	3.713184315	7.337647651	0.347156199	0.615542923	2.689643822	3.87812886	2.021133616	2.830551048	39.375	51.25	25.11
"X65dclayDC2"	"DC"	"clay"	"No_plant"	65	-0.298486151	0.036327966	-0.043903376	31.78	1.04	NA	NA	7.54	3.69	25.51271534	3.681075936	2.326675563	1.431646983	2.568076637	3.106907711	1.751278234	1.567336212	4.691119231	5.067846132	2.160332357	NA	NA	NA
"X65dclayDC1"	"DC"	"clay"	"No_plant"	65	-0.170219211	0.015113818	-0.138407489	42.3	1.24	NA	NA	7.38	3.58	27.36280488	2.750074721	2.177768455	1.928412324	2.197598196	1.508315016	1.692466653	1.431545538	6.790539963	4.574145816	2.204101638	NA	NA	NA
"X65dclayDC3"	"DC"	"clay"	"No_plant"	65	-0.346778764	0.097134256	-0.21346155	38.9	1.1	NA	NA	7.46	3.9	28.70571222	3.311632216	2.237747511	1.829484227	2.462896497	1.519129355	1.628578732	1.184174448	4.061241983	2.641813851	2.138571209	NA	NA	NA
"X65dclaySC1"	"SC"	"clay"	"No_plant"	65	-0.095850186	0.125646799	-0.082095442	29	0.86	NA	NA	7.48	4.15	25.57154953	2.884257167	1.306143977	2.563894886	1.976738299	3.639160542	1.896773665	2.110019222	3.880944633	4.147364831	2.176018978	NA	NA	NA
"X65dclaySC2"	"SC"	"clay"	"No_plant"	65	-0.344778656	-0.012982702	-0.177449602	21.41	1.38	NA	NA	7.56	3.74	27.95918367	2.615456074	0.850049428	2.386498656	2.28858187	2.970443539	2.489299844	2.499568355	3.818070286	4.006560624	2.539492279	NA	NA	NA
"X65dclaySC3"	"SC"	"clay"	"No_plant"	65	-0.281755246	0.135797348	-0.187050121	53.15	1.62	NA	NA	7.53	3.63	27.89581905	3.597701854	1.13783704	3.198588083	1.44776441	3.864638707	2.229739152	1.956680165	3.883555107	4.132875789	2.458905975	NA	NA	NA
"X65dclayCCnov1"	"Ccnov"	"clay"	"No_plant"	65	-0.030280638	0.040870211	-0.093030034	105.81	1.17	NA	NA	7.53	3.57	27.00892857	3.765783139	1.470603037	4.047665823	6.848713034	2.57273028	2.646313721	4.566825323	3.692663182	1.519829276	5.450361023	NA	NA	NA
"X65dclayCCnov3"	"Ccnov"	"clay"	"No_plant"	65	-0.103525602	0.059523221	-0.139567552	282.27	1.87	NA	NA	7.44	3.68	28.16053512	4.482424726	1.601484563	2.927429059	4.280788172	5.53295901	0.956486768	2.353401304	2.203297705	1.50674545	4.683635967	NA	NA	NA
"X65dclayCCfeb2"	"Ccfeb"	"clay"	"No_plant"	65	-0.137337431	0.11309612	-0.028384536	207.59	1.89	NA	NA	7.51	3.77	27.14420358	4.228897794	4.443658911	2.965586245	6.383699398	4.312145867	3.683218563	3.158875624	3.255047953	1.660243205	3.86469958	NA	NA	NA
"X65dclayDCP1"	"DC"	"clay"	"wheat"	65	-0.344328632	-0.031955729	-0.095381161	1.74	1.36	NA	NA	7.42	3.79	24.73890339	2.850780541	2.302559372	1.803560405	3.371488935	2.125546813	2.079801619	1.396759811	9.756267775	3.580581335	2.541202093	37.625	32	18.06
"X65dclayDCP2"	"DC"	"clay"	"wheat"	65	-0.5119277	-0.034425863	-0.091379945	0.64	1.41	NA	NA	7.56	3.71	25.97402597	3.071918375	6.228674354	1.987765531	10.77397233	1.675595293	1.86685698	1.225261124	6.805385129	2.647553502	4.657185133	33.25	28	15.99
"X65dclayCCfeb4"	"Ccfeb"	"clay"	"No_plant"	65	-0.121986601	0.11199606	-0.055123983	99.26	1.69	NA	NA	7.55	3.54	26.84063374	5.155424023	2.832335866	4.313739996	5.188777289	5.63980402	3.630561938	3.300114038	3.145747837	1.760784074	3.858572382	NA	NA	NA
"X65dclaySCP2"	"SC"	"clay"	"wheat"	65	-0.46424512	0.030111629	-0.02863955	0.38	1.99	NA	NA	7.54	3.49	23.0286113	4.184264764	0.839666346	1.570792904	4.125478495	3.847236212	2.734175252	2.715993018	7.132263117	8.223517631	3.098409074	37.375	31.5	17.38
"X65dclaySCP1"	"SC"	"clay"	"wheat"	65	-0.272614751	-0.01643989	-0.109125905	0.25	2.27	NA	NA	7.58	3.49	23.75995101	3.946129818	0.962594528	1.556808411	3.933397767	3.351239274	2.858644832	2.76356046	4.422363063	4.058529581	3.772847317	39.25	28	19.51
"X65dclayCCnovP2"	"Ccnov"	"clay"	"wheat"	65	-0.370120027	0.066513599	-0.076958164	0.26	1.88	NA	NA	7.53	3.38	15.76402321	6.408817047	1.794471915	3.886386744	7.099347087	2.233659376	3.32323428	3.294482835	3.162619729	1.970946869	4.864802482	42	59.5	34.52
"X65dclayCCfebP1"	"Ccfeb"	"clay"	"wheat"	65	-0.241283056	0.132487169	-0.11809639	0.17	1.85	NA	NA	7.57	3.79	21.95121951	11.31905751	1.842642095	2.150452232	5.384946667	9.49037481	2.00101574	3.056941401	2.01663801	1.73770202	3.953909928	41.25	38.5	22.15
"X65dclayCCfebP3"	"Ccfeb"	"clay"	"wheat"	65	-0.387420963	0.085051602	-0.168889139	0.21	2.22	NA	NA	7.56	3.3	18.88111888	9.533221453	1.606929727	3.021963187	5.943695731	9.831513454	2.633376475	3.296706717	2.153186101	1.609235589	3.904998966	40.125	40.25	23.87
"X65dclayMFP2"	"MF"	"clay"	"wheat"	65	-0.557660175	0.042936323	-0.076926162	24.13	32.38	NA	NA	7.75	2.84	24.04779686	4.06576233	0.952873119	2.40073921	2.362239562	5.797376231	2.96657681	1.700247989	1.483814575	1.430625991	2.674035611	31.125	24.25	14.9
"X65dclayMFP3"	"MF"	"clay"	"wheat"	65	-0.483926185	0.076555142	0.026716446	0.91	1.75	NA	NA	7.75	2.84	24.92537313	3.790513657	0.984698929	1.36908633	1.894533827	3.605629144	1.409986909	0.983320241	1.130430327	1.232338959	1.874980471	33.375	31.75	18.29
"X65dclaycontrol2"	"control65"	"clay"	"No_plant"	65	-0.368059916	0.019103034	-0.093450057	15.45	1.6	NA	NA	7.68	2.52	28.53965901	2.420986853	1.51438765	2.960389612	1.456006576	2.365282473	4.603979799	1.150835321	1.524473439	1.64865534	1.624194969	NA	NA	NA
"X65dsandDC4"	"DC"	"sandy"	"No_plant"	65	-0.073801993	0.028591547	-0.123396677	16.31	2.68	NA	NA	5.96	5.28	15.90551181	1.011167481	25.08181814	0.240226714	1.1364381	0.486680749	0.625964595	0.625651379	12.65432775	29.9509042	0.873122369	NA	NA	NA
"X65dsandCCfebP3"	"Ccfeb"	"sandy"	"wheat"	65	-0.36092953	0.014507785	-0.031437701	0.98	0.87	NA	NA	5.72	4.92	5.597964377	1.48147193	13.41382413	0.640940689	4.315002101	0.581734237	0.812738092	2.014031332	5.019372817	1.933102794	2.161418709	36.125	49.25	23.06
"X65dsandMFP1"	"MF"	"sandy"	"wheat"	65	-0.250753568	0.006086329	-0.024296315	9.3	13.75	NA	NA	5.68	4.6	6.566037736	1.462283068	5.615093849	0.39950883	2.18576569	0.401344253	0.944359351	0.82032538	1.141676772	1.880993285	1.336299303	34.75	36.5	19.75
"X65dsandcontrol3"	"control65"	"sandy"	"No_plant"	65	-0.085121606	0.015650847	-0.04416239	6.26	1	NA	NA	5.71	4.65	15.11627907	0.360596132	0.327695632	0.167638575	1.733629761	0	0.799413354	0.637517504	0.776860473	3.118594255	0.94096947	NA	NA	NA
"X65dclayDC4"	"DC"	"clay"	"No_plant"	65	-0.318017208	0.080517357	-0.173789404	12.62	0.71	NA	NA	7.52	3.67	28.83323152	2.479629804	2.289444487	1.232660656	1.983890741	1.286985254	1.673818548	1.170775765	3.555039873	4.377636586	2.428760624	NA	NA	NA
"X65dclaySC4"	"SC"	"clay"	"No_plant"	65	-0.24894347	0.081980436	-0.185950062	28.2	1.5	NA	NA	7.51	2.98	27.06393544	4.018596793	1.253326723	2.166241292	2.078552392	4.700640256	2.485942207	2.705759141	2.914324486	4.411355544	2.722204531	NA	NA	NA
"X65dclayCCnov2"	"Ccnov"	"clay"	"No_plant"	65	-0.057157093	0.141787672	-0.072195907	171.96	1.86	NA	NA	7.55	3.83	29.48016416	4.640582892	1.571808782	3.978864747	4.979205856	2.992490927	2.755576805	2.532867218	2.491009281	1.527117517	4.040932048	NA	NA	NA
"X65dclayCCnov4"	"Ccnov"	"clay"	"No_plant"	65	-0.107215801	0.018443998	-0.058255152	414.05	1.66	NA	NA	7.48	3.66	26.87861272	4.303303643	0.98843135	3.370420447	4.506620136	2.952947125	2.748378132	3.369406674	2.931498186	1.513279468	4.124473402	NA	NA	NA
"X65dclayCCfeb3"	"Ccfeb"	"clay"	"No_plant"	65	-0.133637231	0.199890816	-0.107805833	113.62	1.55	NA	NA	7.51	3.79	27.66393443	5.699947429	2.732301186	2.795014358	4.768408722	4.149063186	3.706416091	3.252942011	2.956640839	1.601153349	3.949652248	NA	NA	NA
"X65dclayDCP3"	"DC"	"clay"	"wheat"	65	-0.474235661	0.000299516	-0.14138765	0.31	1.57	NA	NA	7.55	4.1	27.32707088	4.054993716	1.075004372	1.871193298	1.937893095	2.089927748	0.883268187	1.293514065	4.708980405	3.156010531	2.433306494	32.75	27	16.07
"X65dclayDCP4"	"DC"	"clay"	"wheat"	65	-0.515937917	-0.002464633	-0.153458304	0.27	1.46	NA	NA	7.45	3.84	25.15991471	3.720035094	1.251281843	2.653692022	1.736491531	3.135386485	1.796520351	1.282224225	2.828712092	2.21074169	2.40405371	33.25	26	15.1
"X65dclaySCP3"	"SC"	"clay"	"wheat"	65	-0.462655034	-0.20108088	-0.175769511	0.28	2.55	NA	NA	7.57	3.44	22.55845942	4.9640539	1.109935622	1.535839217	5.215547233	5.027010306	3.324581498	2.199981517	3.591698386	3.759894887	4.285865835	39.75	36.75	18.23
"X65dclaySCP4"	"SC"	"clay"	"wheat"	65	-0.403451831	-0.033427809	-0.099322374	0.53	1.75	NA	NA	7.52	3.39	24.19227738	5.910541978	1.47944201	1.336380617	4.242197226	2.619368356	2.753513103	2.090923396	5.090838302	3.839377846	3.282670041	38.375	30.5	16.98
"X65dclayCCnovP1"	"Ccnov"	"clay"	"wheat"	65	-0.245833302	-0.019549058	-0.10367561	0.19	1.84	NA	NA	7.52	3.6	19.29674099	7.685437542	1.525477493	2.484110334	4.471540402	2.511874472	2.368850311	2.454007146	3.455319113	1.57627958	3.54252506	37.75	48.5	25.41
"X65dclayCCnovP3"	"Ccnov"	"clay"	"wheat"	65	-0.335898175	0.048531626	-0.141977682	0.2	2.14	NA	NA	7.55	3.45	15.40084388	7.113708821	1.696650479	5.308486146	2.583295386	2.933477346	2.456663056	1.83525855	2.80794433	1.583775884	3.640977538	42.125	50.75	32.2
"X65dclayCCnovP4"	"Ccnov"	"clay"	"wheat"	65	-0.33412808	-0.014392779	-0.117106337	0.2	2.17	NA	NA	7.57	3.74	17.23577236	6.585796522	1.434204033	2.390011418	3.028864658	4.524151339	2.064910286	2.550385853	2.208895996	1.475207065	4.479577509	38.875	52.75	31.37
"X65dclayCCfebP2"	"Ccfeb"	"clay"	"wheat"	65	-0.46239502	0.082204448	-0.067286641	0.38	2.01	NA	NA	7.62	3.55	18.50424056	7.779723123	2.814344338	3.148292657	6.145766282	5.952138526	3.087054325	3.296274057	2.108220752	2.049334772	3.518479052	35.5	52.5	26.79
"X65dclayCCfebP4"	"Ccfeb"	"clay"	"wheat"	65	-0.442453941	0.040123171	-0.177989631	0.42	1.78	NA	NA	7.62	3.19	19.89361702	7.254549293	1.453392531	2.152141106	4.565117354	7.212242112	3.061737936	2.925745897	2.666129906	1.948551973	3.799610647	33.875	33.5	20.07
"X65dclayMFP1"	"MF"	"clay"	"wheat"	65	-0.203921034	-0.001637189	-0.147577985	0.63	2.47	NA	NA	7.61	3.05	21.03477523	4.282344525	0.862127754	2.073264547	4.644446807	4.68470161	1.842487686	1.701849381	1.500626826	1.235892895	2.374669093	37.375	31.25	19.57
"X65dclayMFP4"	"MF"	"clay"	"wheat"	65	-0.42357292	0.011685632	-0.073592982	5.06	3.13	NA	NA	7.72	3.35	23.54456466	3.89519051	1.206515204	1.359768269	1.430993837	2.300261303	1.520196589	1.056618806	1.5302277	1.074774387	1.39602251	35.375	30.5	19.62
"X65dclaycontrol1"	"control65"	"clay"	"No_plant"	65	-0.120976546	-0.073808994	-0.122876649	17.49	1.69	NA	NA	7.67	2.46	29.14572864	2.706259378	1.572215781	2.498258032	0.827045097	3.591192552	3.796925034	0.830498148	0.270659188	1.671253955	1.361342469	NA	NA	NA
"X65dclaycontrol3"	"control65"	"clay"	"No_plant"	65	-0.384860825	-0.026814451	-0.084476571	10.34	1.37	NA	NA	7.68	2.62	27.91327913	2.158608849	1.340265171	1.399310649	1.532201317	2.015361066	4.223263131	1.075036071	1.882226291	1.602248318	1.719507392	NA	NA	NA
"X65dclaycontrol4"	"control65"	"clay"	"No_plant"	65	-0.23397266	0.021749177	-0.118446409	23.81	3.26	NA	NA	7.65	2.47	28.42465753	3.121027076	2.467223064	1.616722485	2.186934257	1.752189095	3.834831954	1.105581043	1.320295479	1.516336408	1.675555521	NA	NA	NA
"X65dsandDC3"	"DC"	"sandy"	"No_plant"	65	-0.088480788	0.033378806	-0.108545873	15.19	0.44	NA	NA	5.73	4.93	14.14662085	0.930558362	11.54419931	0.174390611	1.149522133	0.490403636	0.49632396	0.362233207	5.219046246	24.30610241	0.93904219	NA	NA	NA
"X65dsandSC4"	"SC"	"sandy"	"No_plant"	65	-0.041346237	0.050112712	-0.096249208	12.45	6.04	NA	NA	5.21	4.87	14.26692965	2.803584696	15.80644171	0.795734273	3.965220418	0.917801881	0.529808793	2.80888446	29.50683499	83.10314717	1.404106415	NA	NA	NA
"X65dsandCCnovP4"	"Ccnov"	"sandy"	"wheat"	65	-0.34299856	0.066483597	-0.073675987	0.11	1.17	NA	NA	5.99	4.65	3.866317169	3.095434697	13.72936855	1.108800041	6.078962504	0.225275253	0.444744073	1.959419372	6.510524314	1.707278661	2.451881785	38.5	64	21.55
"X65dsandMFP2"	"MF"	"sandy"	"wheat"	65	-0.474175658	0.015400833	-0.096628229	0.4	1.67	NA	NA	5.65	4.76	5.925925926	1.466140707	6.162278017	0.383511289	2.620690897	0.899264601	1.062073063	0.850849125	2.34556214	1.635714722	1.321598485	33.25	35.5	18.27
"X65dsandCCnov1"	"Ccnov"	"sandy"	"No_plant"	65	0.018941025	0.439543784	-0.016952917	300.43	6.3	NA	NA	5.63	4.97	14.27586207	2.478255154	3.692350003	3.104035888	2.460338223	0.41068359	0.62089073	3.478812897	1.501843116	2.185244178	1.34024611	NA	NA	NA
"X65dsandDC1"	"DC"	"sandy"	"No_plant"	65	-0.009689524	0.045562465	-0.069158742	13.94	2.61	NA	NA	5.82	4.71	14.39205955	1.016284055	7.569843832	0.321951509	0.705906624	0.386177158	0.688463982	0.683335424	8.348462146	26.38945157	0.845858562	NA	NA	NA
"X65dsandCCnov4"	"Ccnov"	"sandy"	"No_plant"	65	0.021567167	0.041092223	-0.130877082	136.63	5.8	NA	NA	5.58	4.96	14.59497207	1.895756616	21.41081809	2.202287831	2.466991978	0.354889516	0.560262707	1.714655055	1.216940897	2.104027777	1.069521445	NA	NA	NA
"X65dsandSCP1"	"SC"	"sandy"	"wheat"	65	-0.303036397	0.045482461	-0.074404026	0.2	1.83	NA	NA	5.63	5.19	12.52236136	1.709265793	41.02248597	0.256371626	2.835406837	1.041380726	0.636938201	1.575019276	8.27788432	27.8873091	1.495025961	34.125	35	18.01
"X65dsandcontrol2"	"control65"	"sandy"	"No_plant"	65	-0.053632902	0.021941187	0.036201959	21.05	1.64	NA	NA	5.75	4.71	13.27054795	0.385361857	0.295684202	0.291128868	1.516549122	0	0.843985807	0.688438758	1.068144865	3.128935045	0.667278596	NA	NA	NA
"X65dsandcontrol4"	"control65"	"sandy"	"No_plant"	65	-0.075414081	0.013747744	-0.016321883	5.86	0.83	NA	NA	5.69	4.66	16.35883905	0.492543038	0.806125845	0.251512891	1.877890917	0	0.816547537	0.626602374	1.125762059	2.776537522	0.797394796	NA	NA	NA
"X65dsandDC2"	"DC"	"sandy"	"No_plant"	65	-0.056806074	0.040392186	0.003006463	6.87	1.4	NA	NA	5.86	4.87	13.54790419	1.046221648	7.117101963	0.184348729	1.068085736	0.508331707	0.59347032	0.697716979	3.078444311	20.42429491	0.851666707	NA	NA	NA
"X65dsandSC1"	"SC"	"sandy"	"No_plant"	65	0.012415672	0.027781503	-0.015644847	12.7	28.26	NA	NA	5.5	5.58	16.41791045	2.319246393	69.11207895	0.706105331	2.312774331	0.809960086	0.487953093	2.582756181	20.80711951	122.5203893	1.209706416	NA	NA	NA
"X65dsandCCnov2"	"Ccnov"	"sandy"	"No_plant"	65	0.000305817	0.022270205	-0.042205284	129.03	8.83	NA	NA	5.81	5.34	15.61488673	2.516662244	4.965315025	5.241631806	3.344854161	0.333482224	0.580486983	2.605168404	1.427253466	1.881046419	1.280439309	NA	NA	NA
"X65dsandCCnov3"	"Ccnov"	"sandy"	"No_plant"	65	-0.036026949	0.082133444	-0.0868517	101.12	3.85	NA	NA	5.56	5.17	15.43046358	1.861675956	10.70766022	2.097086053	2.104022313	0.201165623	0.501144894	2.533419876	1.650718475	2.008055066	1.029561965	NA	NA	NA
"X65dsandCCfeb1"	"Ccfeb"	"sandy"	"No_plant"	65	0.024641333	0.019112034	-0.082933488	122.81	5.39	NA	NA	5.45	4.98	15.27297858	1.564619535	31.24643942	0.939546236	2.344930315	0.43567634	0.688084034	2.775094594	1.547102799	1.827400082	1.259922408	NA	NA	NA
"X65dsandCCfeb2"	"Ccfeb"	"sandy"	"No_plant"	65	-0.017359939	-0.006795168	0.018250988	152.17	3.76	NA	NA	5.59	4.98	15.05986137	3.134631851	27.88614554	1.096549698	4.713944795	0.735676243	0.995631201	3.234626329	5.448573577	1.919160654	2.172083248	NA	NA	NA
"X65dsandCCfeb4"	"Ccfeb"	"sandy"	"No_plant"	65	0.019472054	0.021541166	-0.06210436	172.7	5.37	NA	NA	5.73	5.05	20.79787234	2.384033481	11.64326074	0.896155151	2.606601908	0.588676923	0.319345648	6.049346535	2.491945403	2.475051741	1.866769111	NA	NA	NA
"X65dsandDCP1"	"DC"	"sandy"	"wheat"	65	-0.195250565	0.020801126	-0.02200019	2.84	1.35	NA	NA	5.44	4.84	18.34677419	1.86453269	11.77937182	0.341258037	1.487868775	0.535595378	0.887839311	0.852777224	12.78236031	30.96501761	1.37609762	28.875	14.25	9.04
"X65dsandCCfeb3"	"Ccfeb"	"sandy"	"No_plant"	65	0.015126819	0.028571546	-0.058640173	90.12	6.74	NA	NA	5.75	5.08	17.60851761	2.256004488	10.20564951	0.467909661	2.929044081	0.734279488	0.496246757	3.092414613	1.73741028	1.825383056	1.46122999	NA	NA	NA
"X65dsandDCP3"	"DC"	"sandy"	"wheat"	65	-0.1533883	0.006852471	-0.026474433	0.19	0.35	NA	NA	5.46	5.1	16.69439823	1.473722746	7.069625514	0.320039266	2.242100377	0.538149169	0.786845402	0.656466648	15.1508576	27.13266899	1.20602654	28	13.5	8.86
"X65dsandDCP2"	"DC"	"sandy"	"wheat"	65	-0.194180507	-0.018802017	0.009765528	0.49	0.56	NA	NA	5.37	4.77	15.34795043	1.754045647	7.941894156	0.340323894	2.071158391	0.694033461	0.754658838	0.831708705	8.512199698	28.09016387	1.299809743	29	14.5	9.06
"X65dsandDCP4"	"DC"	"sandy"	"wheat"	65	0.178579663	0.014090762	0.010840587	0.18	0.55	NA	NA	5.44	5.11	14.71471471	1.312376111	17.36144266	0.332423343	1.759496838	0.569442315	0.798335516	0.749242223	3.229720113	12.05400089	1.077515541	27.75	12.75	8.84
"X65dsandSCP3"	"SC"	"sandy"	"wheat"	65	-0.420752767	0.033807829	-0.013206715	0.11	1.67	NA	NA	5.6	5.35	11.02783726	1.818264223	7.758322377	0.277698445	2.194005734	0.450684798	0.929619437	1.703085725	9.736662532	27.68626068	1.679629993	35.375	32.75	18.35
"X65dsandSCP4"	"SC"	"sandy"	"wheat"	65	-0.376620379	0.026041409	-0.030061627	0.03	1.2	NA	NA	5.58	4.98	11.97511664	6.544606018	135.187136	1.428262002	45.64846956	5.296752134	0.850453782	3.520428686	42.89523151	199.6471693	6.017800731	35.25	31.5	16.87
"X65dsandCCnovP2"	"Ccnov"	"sandy"	"wheat"	65	-0.438653736	0.059683229	-0.087507735	0.12	0.98	NA	NA	5.81	4.86	6.349206349	2.941152329	8.729506978	1.511819852	6.519992918	0.500032615	0.550161178	1.923335369	8.555131595	1.905723184	2.731333199	38.5	62.5	23.75
"X65dsandCCnovP3"	"Ccnov"	"sandy"	"wheat"	65	-0.399341608	0.090110876	-0.110465977	0.19	1.8	NA	NA	5.89	5.08	7.397504456	2.371760081	5.699066209	1.480336433	5.18415998	0.550096544	0.437359567	1.168782386	4.290872219	1.63579107	2.153729738	38.875	61.25	24.12
"X65dsandCCfebP2"	"Ccfeb"	"sandy"	"wheat"	65	-0.459514864	-0.016740906	-0.037382023	0.24	1.29	NA	NA	5.77	5	4.137931034	2.509759403	22.84368535	0.68232317	4.378876521	0.850707305	0.791410293	2.267532652	4.757461227	1.771399617	2.094532899	38.75	58.75	25.23
"X65dsandCCfebP4"	"Ccfeb"	"sandy"	"wheat"	65	-0.451634438	0.006579456	-0.00868047	0.1	1.92	NA	NA	5.83	4.91	9.081419624	2.535730711	20.66348645	0.703592845	4.928323056	0.87520645	0.884167252	2.21298694	6.795337867	2.745257634	2.300692247	38.625	49	24.45
"X65dsandMFP3"	"MF"	"sandy"	"wheat"	65	-0.407272037	0.01978107	-0.004166225	0.17	1.23	NA	NA	5.64	4.85	9.006928406	1.413585879	4.760834944	0.332550603	1.985008188	1.144834246	1.108680461	0.888307856	2.572377715	1.672711021	1.186333954	33.875	36.75	19.53
"X65dsandMFP4"	"MF"	"sandy"	"wheat"	65	-0.406702007	0.004459441	0.017104926	0.2	1.2	NA	NA	5.62	5.02	7.4222668	1.385748003	5.113881947	0.301651827	2.163507424	0.27073709	1.037892158	0.884353436	1.620273571	1.579806754	1.267741381	34.25	37.75	18.69
"X65dsandcontrol1"	"control65"	"sandy"	"No_plant"	65	-0.028015516	0.040232177	0.00481246	15.57	1.42	NA	NA	5.7	4.66	14.53133666	0.374370237	0.085542645	0.248733712	1.75579762	0.555330932	0.612357312	0.649210227	0.693202386	3.224798871	0.925946052	NA	NA	NA
"X65dsandSC3"	"SC"	"sandy"	"No_plant"	65	-0.057073088	0.020600115	-0.169969197	6.23	3.94	NA	NA	5.22	4.69	13.50277998	3.104956751	15.97250103	1.060654394	4.010525835	2.193694367	0.416963254	2.957746929	20.83273964	137.9948495	1.533782496	NA	NA	NA
"X65dsandSCP2"	"SC"	"sandy"	"wheat"	65	-0.522608278	0.037678039	-0.002577439	0.23	1.46	NA	NA	5.63	5.19	11.29431162	1.936571336	6.428322232	0.418762503	2.081516291	0.978378591	0.80487956	1.712191639	9.845039626	49.63032009	1.450359376	35.625	36	17.93
"X65dsandCCfebP1"	"Ccfeb"	"sandy"	"wheat"	65	-0.305046506	0.038532085	-0.010778583	0.31	1.67	NA	NA	5.72	4.78	5.348460292	1.604669603	20.95216553	0.676874479	3.936152086	2.056398962	0.575565975	2.190059227	3.565696712	1.702611042	1.654191937	38.375	58.75	24.12
"X65dsandSC2"	"SC"	"sandy"	"No_plant"	65	-0.042906322	0.029069573	-0.060234259	13	9.77	NA	NA	5.3	4.73	13.66024518	4.3050631	83.02292987	1.315316173	6.970909894	12.90826894	0.521768811	2.743996668	18.31875585	213.7076681	2.210435786	NA	NA	NA
