p1.20160322	p1.20160401	p3.20160322	p3.20160401	p3.20160714	p3.20160811	p4.20160322	p4.20160401	p4.20160415	p4.20160713	p4.20160727	p5.20160322	p5.20160415	p5.20160715	p5.20160817	p6.20160322	p6.20160415	p6.20160701	p6.20160726	p7.20160322	p7.20160415	p7.20160713	p7.20160729	p8.20160720	p8.20160825
1	1.56387244426881	0.981901553285581	0.175334742802081	1.19559407146211	2.19286084162682	3.19876604615742	0.0630970581560477	0.32326043837684	0.273493186375948	0.794462108469523	1.49450438999446	0.359816442137473	0.252919316973197	0.696414928238546	0.729974868857107	0.391514149515502	0.263019344586776	0.36706971556966	0.297497046038286	0.310120071111573	0.408501725247149	0.351502797089251	0.232086409154889	0.370215601685531	0.457859789427345
2	0.280364905131033	0.100863296979189	0.214800651067728	0.162470771399682	0.0233100497588363	0.0196651963102294	0.0850590444217549	0.0572907489834336	0.0851760339302077	0.0383974781999079	0.0343107283282531	0.00157346801147073	0.00675981551007364	0.00310129245061377	0.00575631021049322	0.000728621374060072	0.00312878527146681	0.000593448885384303	0.000467527040295496	0.000191602340464647	0.000570582428778813	0.00132876874363363	0.000475901971515436	0.000696459081776321	0.00162588502879782
3	0.828406190127484	0.396480774085932	1.02231299325889	0.466275118201199	0.113798712649847	0.175155253051914	0.617317094074177	0.476795845271083	0.406070779150208	0.264264548873056	0.345411095459475	0.0106573552214631	0.0640302068286576	0.0841290652310384	0.164246124877767	0.00342260303341376	0.0724728833288742	0.0203714817382829	0.00715676007836952	0.00298619257455877	0.00764109871117194	0.0287796407791676	0.0508482952642262	0.0227877403159619	0.0407410396566271
4	5.43068881368375	3.6440077618547	6.57742089995738	5.78868391077201	4.85057527671021	6.23642340805595	3.12983525648646	3.5775602492271	3.19301979456846	3.77740524774677	4.15460915665687	2.92551438705251	2.9194784951802	4.01711824186912	4.7461444954861	1.96349079624175	3.41612760610744	3.39813687261932	1.84911140192358	1.47186581331034	1.67867703463958	4.42840746134695	2.6008555253134	3.81794359182487	5.37521112293187
5	13.5970424030849	7.72399591840317	10.3339535291076	8.33389365945246	5.16579636334857	4.7110107082007	6.9855898231415	5.88267681191138	5.60986682421481	5.38843087029255	4.47890018792678	5.38175827761053	4.73141763118996	5.42721716566115	5.92567206701092	7.26418253115875	4.76810175418759	5.46461760635521	4.64154851668954	3.50607047620098	4.12694623754711	8.80370142814698	6.48073054613412	6.37277596564803	8.45306430903554
6	4.64517077537658	0.831826895141836	2.60367438316385	1.76435031371883	0.460010038851974	0.66006464697523	2.2848711161709	1.37873085219419	0.552828284159647	0.227253646274812	0.804362627323126	0.204329651099806	0.0438761206431313	0.132470554269382	0.0909888477939942	0.00461619988960427	0.0310520886753739	0.0120524073631684	0.0101477343489778	0.00371521611388768	0.0056352367708258	0.00344610585381618	0.0126443493047255	0.00122757176284315	0.00169632048130892
7	0.0114243548516987	4.64201435011932	1.26517768764846	3.18969428016622	6.55680425812983	5.87976464700997	6.50129601425356	5.27606944037816	5.55482250028111	9.95706034392255	8.27821328757426	0.364587116715383	0.902256973181227	1.94253208406034	1.82198339317849	0.265807788243454	0.90726422896146	0.0837194527581238	0.0757273926550423	0.0591490444697816	0.25175037924614	0.295619999459799	0.0559660718502153	0.156808513836487	0.380369052423052
8	0.00725727459841519	1.95656871015078	0.8821871009432	0.129113991012807	1.00941663604282	0.577378502267478	3.32804606274405	0.643181291634662	2.20345793840684	1.81932432323301	1.3283405973067	0.0041624010015903	0.0436446861606181	0.148096010957007	0.33102787326402	0.0241116152073826	0.216200535783602	0.00931714750053356	0.00953035889833127	0.00782298336433708	0.0117939976257888	0.025165886532463	0.0050079530541009	0.0180327786713164	0.0339557577313914
9	0.00421390137972495	0.0145974860426477	0.0114334991311218	0.206504692143309	2.87731254911811	2.04675383050675	0.0035697928205743	0.156437948157002	0.404129912715567	0.740301855984772	1.15469745159797	1.80342055859119	1.55552901559198	2.18164396314831	1.41420175146636	1.28472246356473	1.61309755685093	1.33980796857267	1.20894101109435	1.07639390936349	1.42599725308677	1.16333703505124	1.10994250738105	2.21903387597015	1.47494772368758
10	0.027249895588888	44.3344127782054	15.8186572923422	16.9335104363762	7.63198828129266	9.45813052875801	35.7284363536254	24.2101441774428	29.0247740013119	19.155656215188	16.4392589739913	1.6523274130552	3.64225802717243	3.52524730948005	4.11279912461379	0.577001018392177	4.70009365235285	0.180645840710981	0.163742354958876	0.118419592862784	0.387231353469167	0.596778605084651	0.118074939917376	0.361517378908813	0.933281485014123
11	0.279709409360854	0.0358226719824925	0.0803915083175994	0.0867424821706323	0.0232320422908268	0.0107955078179578	0.0136680382722532	0.424763873992845	0.0723672810667658	0.0157246815485337	0.0396630733625949	0.00145281870707681	0.00381866896146813	0.0251450114520987	0.00564065019080789	0.00042183342708741	0.00209731759955468	0.000501734057643093	0.000719272369685378	0.000285066896788866	0.000423525101773964	3.10459986830287e-05	0.000527152953063252	1.00209939823931e-05	2.34784841703657e-05
12	2.21384332152816	2.74264057583589	0.502233396220591	4.82045751517864	8.91787756713712	7.75221693818651	0.00768281498340992	1.33017622985922	1.10589796961713	3.34496888661483	3.88852956562532	0.630337317860395	0.751477407823864	3.5297096007759	1.84594281110254	0.619462387677862	0.590323683887772	0.598315166244454	0.582508722526118	0.569806667630597	0.591635155712827	0.47320932112646	0.372104090743523	0.74657908317926	0.847919586191716
13	0.0466806630620642	0.0233118542847321	0.0456526514713806	0.0402349382196893	0.120762652066694	0.346319890800088	0.347448517257935	0.186964511421309	0.244877476529879	0.700548276372248	0.607284889842417	0.00641954840462659	0.0568846671810619	0.20814357749479	0.502204702398317	0.00147641699480593	0.064235877206033	0.0114589584777841	0.00568225172051449	0.000743043222777536	0.00248820997292204	0.0118036886992875	0.00373400008419804	0.0408355504782519	0.0630455996184746
14	0.197725616961983	0.331311455887348	0.331824548301088	0.30798037120001	0.0741070946090173	0.210589335954168	0.210913642394937	0.282491847350652	0.278736422565053	0.167988967124597	0.147733295272213	0.00689209151350279	0.0247924189392287	0.0434329686129123	0.0726522862115729	0.00343219015675665	0.0237630504605282	0.00667899745550698	0.00251745329389882	0.00111690144807441	0.00229409430127564	0.0105680579517029	0.00316291771837951	0.0307494200349732	0.947356836274258
15	0.139667420174661	0.0821292437330202	0.164836711781687	0.0876450975672972	0.0137647723096748	0.0203997871870376	0.0691744364225961	0.071850960064215	0.0375958381257526	0.0286000264211219	0.0342464358954082	0.000613300630669103	0.00308097154845724	0.00351033581939976	0.00320289285282467	0.000162981096829226	0.00461704576951147	0.000264354503489371	0.000155842346765165	0.000144870062302538	0.000558817842618425	0.00128530434547738	0.000117145100680722	0.000345724292392562	0.00053413551487582
16	0.334864696308809	0.183254523301765	0.358939566003353	0.190908869150302	0.061604624963496	0.0618247564967738	0.201145214758202	0.156456950063796	0.113130304220191	0.0716905297343519	0.074986407508156	0.00784220478560493	0.0106749155059222	0.0221478391317214	0.0337994165218914	0.00377253303542945	0.0118864369810827	0.013320229981944	0.00360235578484093	0.00191135017683026	0.00233527035283699	0.0117415967019214	0.0150311807310952	0.026360224670685	0.219130562383066
17	1.49476446164132	0.76488344923152	1.78566852912191	1.11167940335065	0.0837161963501865	0.143731639260884	0.943439009386372	2.62457661970234	0.755895055903471	0.396225405996192	0.453829568047003	0.00821420680748618	0.0440545180567352	0.021575178415421	0.0398404283193024	0.00304391166136938	0.06567993194671	0.00105202302409035	0.00145053261219884	0.00056078733794531	0.00447642503402759	0.00377519343985629	0.000827337273557605	0.00171860046798041	0.0056876627902711
18	0.00580581967873215	0.00738147436539428	0.0085457497458306	0.0113512455264124	0.0404220516049185	0.226646102754671	0.232487607701886	0.068962670231551	0.0899316394976748	0.723746752784693	0.408471256674893	0.0029357997402521	0.0253227896283215	0.101160143676855	0.303474097805137	0.000743002059074415	0.0256786332797936	0.00486628086015128	0.00255341691238309	0.000654251894269529	0.000941166892831031	0.00481212979586945	0.00188164317968411	0.0166448710047549	0.0285322278880369
19	0.132784714587777	0.0143125225241829	0.0332610883814453	0.018109435490049	0.00855954671704152	0.00619935138603648	0.0298533625144495	0.0112586297753513	0.00829454859381571	0.00425876791939455	0.0114065491272409	0.000316704424034045	0.00198647930823847	0.00383013336226881	0.00282032509540394	0.000162981096829226	0.00147843699640739	9.17148277412105e-05	0.000155842346765165	4.67322781621092e-05	4.70583446415515e-05	1.86275992098172e-05	5.85725503403614e-05	1.00209939823931e-05	0
20	0.101367738745605	0.0543774739831754	0.0693240619254582	0.0270441853658965	0.0101551540172356	0.0118576865182075	0.0370511512994118	0.0267974390560156	0.0302041303858621	0.018185472314123	0.0105761052029937	0.0026140682618683	0.00411760516804771	0.00850066491858884	0.0106229279618684	0.00460661276626137	0.00401290041882008	0.0218982638706807	0.00188808997042411	0.00118699986531757	0.00136469199460499	0.0723558045306667	0.0104552002357545	0.00954499676822944	0.0163527642246597
21	0.0246747336346116	0.0379323212562883	0.0506915255943849	0.0686558977032837	0.235235065576623	0.638984866881958	0.774504384467074	0.346637534209964	0.465074084368498	1.37777617957586	1.57277506928045	0.0113309805043291	0.117776043840634	0.381161485339104	0.882245733235146	0.00226256110892338	0.130578895513258	0.022988051823841	0.00968620124509643	0.00152347226808476	0.00460583548179186	0.0257619697071772	0.0087199884319213	0.0550703724302413	0.0990381158516453
22	1.22212504237311	0.104765458707843	0.185828254652857	0.10568026723357	0.106395094776946	0.0802689436469032	0.126713094344434	0.0720219772253596	0.0921670155156821	0.0716371999035187	0.0554307925178181	0.00690214562220228	0.0146768034327133	0.0541647791794247	0.0362282769352835	0.00127029384293367	0.0122499065416613	0.00264894002476084	0.00249347754824264	0.00116363372623651	0.00210586092270943	0.000484317579455248	0.00220379220655609	0.000325682304427776	0.000152610147107377
23	0.864926668751767	0.919462369441321	1.11802900574788	2.24029141452229	5.16421493922438	4.64088209672487	0.844105643944304	1.45715647200907	1.75034287433338	2.70264916696518	3.06593467588791	12.0520712343655	10.7377355032694	7.95214519819899	6.84573862668317	13.9606060308278	10.1312326495472	6.73492731545951	5.86820760382382	14.5669511385057	8.31712124341323	5.98724568282103	5.81775517040036	9.69882403635616	7.79563740416009
24	0.0604928953622737	0.0395869481376967	0.109964954291536	0.0556765168094693	0.00627605538076367	0.00433805693466444	0.0336220160763873	0.0292011802654366	0.0249850343265403	0.00657480628700804	0.00829908153973518	0.000427299619728473	0.00116681551600415	0.000475977738223697	0.00117439404603571	0.000186948905186465	0.00186155356026047	0.000447784158971792	0.000119878728280896	0.000121503923221483	0.000288232360929503	0.000950007559700679	0.000205003926191265	0.0010171308892129	0.000768920356579478
25	0.120938969598106	0.0838803905158441	0.255550003504616	0.101829869908556	0.0395639694568141	0.0692054094279477	0.0491477046886949	0.068962670231551	0.0378130992938094	0.139404177797999	0.117081877913384	0.454807661130288	2.09759678915513	0.414769975948993	0.524642746217272	0.60601644718945	2.36135858831173	0.455671634157536	0.0775195796428417	0.0512840020550986	0.222733027481543	2.14635890975145	0.192169216097933	1.21590732584765	1.41054624160827
26	0.170241615740888	0.0994752488731186	0.129641418804147	0.119905028864554	0.0126655761695411	0.0203799333795563	0.0858302360772865	0.054468965824548	0.07281628748075	0.0439361620592994	0.0400166817432421	0.00114616839174225	0.00535192240811822	0.00287074073366167	0.0048488239021929	0.000340342878672797	0.0103539707256704	0.000242774544020851	0.000413581612569092	0.000116830695405273	0.000823521031227152	0.00087549716286141	0.000117145100680722	0.00026054584354222	0.000557613999046186
27	0.0820306135253124	0.124809424901794	0.000813450531067958	0.000497009743733207	9.21906440112177e-05	0.000158830459850414	0.0706537663278613	0.0710291275953813	0.00015449683061822	0.000121896756190183	0.000166088784849445	0	0.00356794827207881	0.000290048934230065	0.00111211557389745	5.75227400573741e-05	7.85880130980676e-05	1.078997973426e-05	0	0.000130850378853905	9.41166892831031e-05	0.00029183238762047	1.46431375850903e-05	3.00629819471793e-05	3.52177262555486e-05
28	0.0885387501006654	0.047294751693591	0.107709888652631	0.0688786951746123	0.0132541779736127	0.0138827748813002	0.747202259756459	0.379154547210926	0.41950234736208	0.0337196901811096	0.0529769646642359	0.00814885510093948	0.100611319720903	0.00933362596048031	0.0381233218732047	0.00365269399364325	0.103397266482963	0.0743645403285203	0.025684017534182	0.00199546827752206	0.0115587059025811	0.123252614771624	0.334764089901543	0.0135834573431338	0.070681976594886
29	0.185458481834339	0.0221811925824363	0.0628164576769145	0.0267642603378169	0.0162184617579734	0.0172827394124732	0.0443168437521568	0.0251632750717452	0.0153772626724697	0.00891370029640719	0.0214736725702121	0.00166395498976617	0.00293150344516745	0.00645544807465889	0.00602321794822861	0.000278026576943975	0.00214643510774097	0.000971098176083405	0.000779211733825827	0.000224314935178124	0.000517641791057067	0.000565037176031123	0.00145699218971649	0.000571196656996407	0.000446091199236949
30	0.141961655370289	0.139737836320723	0.294613705674346	0.186904227422061	0.0137222227816697	0.0122944702827961	0.117245382950737	0.095000033015813	0.0601813435517537	0.0227642192185168	0.0222344663588773	0.00118638482654023	0.00431528878852775	0.00142049606251134	0.00258900505603327	0.000321168631987005	0.00709747993291923	0.000469364118440312	0.000581411832162348	0.000341145630583397	0.000635287652660946	0.00102451795653994	0.000329470595664533	0.000410860753278117	0.00032869877838512
31	0.00847462388589129	0.895199104699779	0.221959015741126	0.490782840047354	0.639320841453792	0.415267200730778	0.640855415484839	0.660069236297689	0.866789984105655	0.885648500647043	0.909962948270951	0.0446553237888003	0.116141537807884	0.441037997377213	0.276703251710278	0.0446088849144936	0.207796530132928	0.0284100166403067	0.0278298467704101	0.0121176797274349	0.0543053297163505	0.0899961409823637	0.021232549498381	0.0546094067070512	0.105917311713562
32	0.24281436172504	0.991153675264123	2.04460790983931	1.27841760323963	0.163496561359894	0.168251091500292	0.688300678216983	0.849380483208038	0.45954599464794	0.32227216772506	0.248865292137314	0.00191028065290376	0.0131435499860633	0.00881302530929814	0.0200180803301541	0.000992267265989703	0.0179966549994574	0.000965703186216275	0.000689302687615154	0.000191602340464647	0.000694110583462885	0.00273204788410652	0.00065161962253652	0.000771616536644269	0.00141457867126453
33	0.0115648182310229	0.0238909736932251	0.0684383046805175	0.182356873904686	0.366280520244569	0.250535196606547	0.246965639725546	0.402061345850902	0.399195670187697	0.723495340725051	0.647553383614302	0.00706301136139418	0.0286641249696061	0.0508329350118589	0.227343114078413	0.00846542991177689	0.0326827899471588	0.00520077023191335	0.00540053670905438	0.00150945258463612	0.00897637924037596	0.0208008191176292	0.00415865107416566	0.0177622118337917	0.0666671558017535
34	0.00959833092048461	0	0.0200018447250376	0.000137106136202264	0.00342523700441678	0.000645248743142308	3.88020958758076e-05	4.27542902861444e-05	0.00055039495907741	0.000548535402855827	0.000482193246337099	0.142773370587157	0.0190981663590597	0.0204372941349799	0.0636663923744815	0.0566503118331706	0.00988244264708201	0.662596470511309	0.053765609633982	0.0703881573677689	0.0665934399608757	0.318656130482606	0.438444825572775	0.127512137928961	0.0927752301992002
35	0.22867438153974	0.140546765018301	0.0245978402255716	0.740241742111698	2.50513891924482	3.39644544379687	0.000402571744711504	0.131269922608558	0.148481110276023	0.481675032085511	1.4802475430111	0.20424419117586	0.147452694671235	0.570808865412609	0.660445403177038	0.263756143848074	0.13712625935449	0.244959514917039	0.465543047342447	0.228548879579611	0.141263268320857	0.0872392562993107	0.078443288043329	0.483282476788872	0.719856194284456
36	0.0666264629260956	0.0849972636607948	0.141228569702248	0.0968940490052749	0.013034338745586	0.0309371955077385	0.0441131327488088	0.123175110314382	0.0432929087547994	0.0993306192004761	0.087009092450161	0.000452434891477207	0.00143682241226957	0.00295998655957861	0.00654813649910821	6.71098634002698e-05	0.00189102406517225	0.000237379554153721	0.000257739265803927	9.34645563242184e-06	9.99989823632971e-05	0.000925170760754256	0.000292862751701807	0.000771616536644269	0.000827616567005392
37	0.0660177882823576	0.085544209768816	0.111148976731202	0.069404268696721	0.0140838937697137	0.0293637812648453	3.55377240523958	1.77218433426748	2.23098251438667	0.126734533701481	0.183190571986201	0.0259948980425404	0.438438162466138	0.0104491987844421	0.0288438295246044	0.00895916676393602	0.580593505516068	0.00273525986263492	0.00116881760073874	0.00699114881305154	0.0286291204213039	0.00624024573528877	0.00620869033607831	0.00249522750161588	0.00457243479217873
38	0.0410153067626562	0.111374773861914	0.147989247449346	0.100864414199465	0.0129137817495713	0.0235069080578613	0.0533092294713752	0.0595139720783131	0.0374123731393934	0.031746486440281	0.0224755629820459	0.00265931175101603	0.00456600947791707	0.00772720109397533	0.0104983710175919	0.00205164439537967	0.00521627936938424	0.000884778338209325	0.000977011635489306	0.00035516531403203	0.00044705427409474	0.00391800503379822	0.00125198826352522	0.00649360410059073	0.01300121060934
39	0.0285140660028055	0.634439100561373	0.0205848176056363	1.08023068335926	2.79639753002826	4.04022500518556	0.00245423256414483	0.240872920995439	0.20560631339711	0.728470252087062	2.31813331636013	0.0168356050173018	0.0273623060054692	0.68113158055027	0.202716426810028	0.0121229174670916	0.0172304218717513	0.0194057785520667	0.0212604924606169	0.00401430269412518	0.00682345997302498	0.0112200239240465	0.00738746291167808	0.0178724427675981	0.0738691808210132
40	0.104645217596503	0.0950215448506609	0.216156401952841	0.0930665027029617	0.0578035337950335	0.250545123510288	0.0293586357920329	0.0424360083473476	0.0221654671677578	0.0246155262031552	0.0420847549997546	0.00626370971978445	0.0109208146435925	0.0137661686476884	0.0324737747578056	0.00416560509248817	0.0135220500036862	0.00432138688357115	0.00099499344473144	0.000626212527372263	0.00089410854818948	0.0174664788590719	0.00199878828036483	0.0392271809440778	0.0833779669100113
41	0.0104411111964296	0.0142435797374575	0.0297090210624486	0.0203145591806354	0.0504991981541447	0.00530096659750758	0.0263514733616578	0.0242986883126254	0.00771518547899738	0.00939366877390604	0.0153926799636276	1.52459498908249	1.79449958344203	1.09790958758239	1.09480215864301	0.919592077488883	1.36773595645713	2.61351652129326	3.42415006131497	0.927654414429133	0.568770682510113	1.04697663198725	3.04328328430932	1.80810297573416	0.67630947576947
42	0.00430754363260773	0.235039748504067	0.137622272347847	0.826515778316973	0.258686947095477	0.298908998534739	0.02975635727476	2.64744541452873	1.65012271152173	2.3178363447673	1.31367120721258	0.0133166669724791	0.190427185142909	0.472050921883351	0.5207814809447	0.00988432416652545	0.163738125289824	0.0156940255234812	0.0151406833818772	0.00211229897292733	0.00515288873824989	0.080589203381406	0.014262416007878	0.0222866906168422	0.104901867273194
43	0.188735960685236	0.182574287806075	0.283067227302798	0.194262256731582	0.0207570780785257	0.0238394593331731	0.101879752983917	0.0635946315622907	0.0394063478595598	0.0293161698637392	0.0411900186426624	0.00118135777219048	0.00231916637685122	0.00452178851312512	0.00454632846609279	0.000958712334289569	0.00457284001214381	0.000442389169104662	0.000545448213678078	0.000579480249210154	0.000594111601099588	0.000633338373133786	0.000358756870834713	0.00445433182517373	0.0126314244836567
44	0.0185879871972311	0.0129244744181125	0.0351862546383062	0.0211257704864988	0.0250616719950495	0.0105671890319228	0.0193331442701211	0.0210541127275769	0.0144551097147172	0.023084198203516	0.0190252024193671	0.0444844039409089	0.0505153973602293	0.0607689702972785	0.134281282854674	0.0404576605070198	0.065468726661509	0.104533323665511	0.0450624139607889	0.0201556315713177	0.0168410050885952	0.046947759208476	0.0559001777310824	0.182336996006633	0.384061044058842
45	0.189672383214064	0.0506683520573515	0.299878538278202	0.100852988688115	0.0190054558423125	0.0407549033072422	0.0883329712612762	0.0677845520103328	0.0359349971966067	0.0230918167507779	0.0390415798450938	0.00365969556661563	0.00274346292812546	0.00498289194702933	0.00651254880074349	0.00193180535359348	0.00334981405830513	0.00197456629136959	0.00116881760073874	0.000411244047826561	0.000952931478991419	0.00208629111149953	0.00131788238265813	0.00125763474479033	0.00148501412377563
46	0.0682652023515442	0.0392100609035981	0.106340580258667	0.0416974036725135	0.00655262731279732	0.0220129090448933	0.0366000769348555	0.023386596786521	0.0144937339223718	0.013218179499373	0.0201288891832053	0.000145784576142655	0.00124396034350855	0.00140562175819185	0.00221533422320373	0.000206123151872257	0.00148826049804465	0.00010250480747547	0.000107890855452806	9.34645563242184e-05	0.00016470420624543	0.00017385759262496	8.78588255105421e-05	0.000190398885665469	8.21746945962801e-05
47	0.0695293727654617	0.123853418259202	0.175077150133909	0.120207804915334	0.014325007761743	0.0162404145197048	0.0604391145885549	0.0413719015668924	0.0238794163824287	0.0209433864229259	0.0222773279807739	0.000336812641433032	0.00120538792975635	0.00157667625786599	0.00175269414446238	0.000182155343515018	0.00220537611756452	0.0001618496960139	0.000125872664694941	5.6078733794531e-05	0.000188233378566206	0.00033529678577671	0.000205003926191265	0.000576207153987604	0.00190175721779962
48	0.000936422528827767	0.00575442459867599	0.00163142023175296	0.000485584232383018	0.00629733014476625	7.44517780548817e-05	0.00591731962106067	0.0150542606574213	0.000482802595681939	0.00222461580047085	0.00163409933480905	0.433528140067809	0.258473744553514	0.0493901274928683	0.146051914088805	0.389117368679778	0.273613991102559	0.221788033437715	0.0897651917367352	0.44711107131598	0.24750336364224	0.0629426577299724	0.112451975084701	0.120898281900581	0.217222935544223
49	0.0158255407371892	0.219035829612223	1.02845002559883	0.857975923819717	2.65173622639866	1.3874783723789	0.0906271451799333	0.166589716861612	0.570489203109692	2.25867832527875	3.62094446012465	29.7014708909674	27.8216455946373	19.4545711600477	19.9063171634397	29.0809184368291	24.4476502896287	23.4499762512546	28.1541307182827	34.4055509347717	20.4039158895618	22.7818767119927	27.9107207901437	22.7558986075828	23.4972317399757
50	0.0375973645324348	0.0160636693070068	0.0415447262894874	0.0233594579554607	0.0165234000420105	0.0517390222962725	0.013401273863107	0.02783304297628	0.0123162942158462	0.192459740929776	0.150363927316118	0.00210633577254388	0.00536638706327529	0.0221404019795616	0.0674119976273681	0.00130864233630526	0.0044205757367663	0.000631213814454213	0.000527466404435944	0.000313106263686131	0.000394113636372994	0.00265753748726726	0.000417329421175075	0.0108627574769141	0.0150966653215451
51	0.00056185351729666	0.000248194032211264	0.00636299082079824	0.000182808181603018	0.0031344818963814	9.9269037406509e-05	0.00105250685063128	0.00201895259684571	0.000265541427625066	0.000159989492499616	0.00140907581985174	0.0156341390277123	0.00247827758357906	0.189810997421018	0.168881422589771	0.00380608796712958	0.00113952618992198	0.203892852048445	0.1048579236273	0.00357501927940135	0.00248820997292204	0.157409422522692	0.132037171604759	0.316969050160085	0.0967959206133754
52	0.000608674643738048	0.000390675791443657	0.000266631007405608	9.14040908015093e-05	0.000368762576044871	0.000272989852867899	0.000271614671130653	0.000266026695113787	0.000415210232286467	0.000198082228809048	0.000305389056013496	0.51589139853406	0.187346213594451	0.009809603698704	0.00222423114779491	0.306390081353931	0.288472037328913	0.0106443150078475	0.0011508357914966	0.142654952317654	0.0354172866358477	0.184108981390097	0.063214424954835	0.0386810367720374	0.0356931655599985
53	0.0819369712724296	0.0382816313756967	0.107913251285398	0.0470502557400769	0.0704549267885729	0.814601720957813	0.0779631111384665	0.0581315833590611	0.0305179520730553	0.0717895708487564	0.140961159012545	0.000955140326451882	0.00492762585684398	0.0104938216974005	0.0424027426015621	0.00042183342708741	0.00436654647776138	0.000938728236880625	0.000827163225138185	0.000280393668972655	0.000405878222533382	0.00106177315495958	0.000666262760121611	0.00148811760638537	0.00244176235371803
54	0.0390019983256765	0.0319664721116545	0.122157673918322	0.0539227008172154	0.00548179752466702	0.00894910372219679	0.0349073355022734	0.0245789664378346	0.0160483582804676	0.0079537633414095	0.00979923830611727	0.000366974967531512	0.000785912930201144	0.000766026672453762	0.00125446636735632	0.000105458356771852	0.000839909389985598	0.00012947975681112	7.19272369685378e-05	8.41181006917966e-05	0.000152939620085042	0.000198694391571383	0.000168396082228539	0.000140293915753503	0.000111522799809237
55	0.00875555064453962	0.0409106496428235	0.0598925549346869	0.613378576834878	7.65156815576304	4.11883615590778	0.0122420612488173	0.501574331730253	1.15693020398071	2.43966453403212	3.42971733403283	8.55967603650948	8.40280265229702	11.0647421200955	5.68549069074743	10.3573959743189	8.58861380519279	18.4314056171339	24.2543558085769	12.459619806747	21.8950477739255	10.3049058576658	18.5662391480622	15.255495262575	9.83917531824351
56	0.00285608871292469	0.0208345101484011	0.0507231597817042	0.080304206524801	0.0255864495071133	0.0857833386748347	0.0316188578767987	0.120077799506986	0.0526206549033745	0.18738578845336	0.0823586064743765	0.00962178202541527	0.0364075370303609	0.0413431288560239	0.0655080557648557	0.00267480741266789	0.0338272278878995	0.00421348708622855	0.00384211324140273	0.00148608644555507	0.0041764280869377	0.0184599508169288	0.00431240401880911	0.00792660624007295	0.0279863531310759
57	0.0900370261467898	0.0875113772833793	0.281408692053343	0.138340091428084	0.0128074079295584	0.019690013569581	0.0983148104253277	0.0570009699048275	0.0421196984472923	0.0202577171693561	0.0215808266249537	0.000558003032821889	0.00179843879119648	0.00179235367049861	0.00185056031496536	0.000273233015272527	0.00215625860937823	0.000339884361629192	0.000281715011460106	0.000140196834486327	0.000317643826330473	0.000732685568919478	0.000292862751701807	0.000385808268322134	0.000434351957151766
58	0.00810005487436019	0.00290938559980982	0.00761480080471949	0.00488440610220565	0.0514352877702586	0.12125216574018	0.0389718550452643	0.0202180288286478	0.0180037087929795	0.0444237490840601	0.0729022611434323	0.000512759543674168	0.00338472930675584	0.00701323448663978	0.0178917153528622	0.000292407261958318	0.00251972816995679	0.0634450808374491	0.00983604965544755	0.00010281101195664	0.000229409430127564	0.000571246375767728	0.0634121073122337	0.00107725685310725	0.00197806229135331
59	0.0102070055642226	0.222358871932384	0.0942743973811592	0.113952337451106	0.0377201565765897	0.0343570138463927	0.0334377061209772	0.175430353997447	0.0918725059323162	0.128281098795644	0.0582543018602586	0.00619835801323774	0.0330324508270431	0.0326193493726427	0.0342709535252239	0.00452991577951821	0.0196813855302473	0.0030373792951942	0.00275721075046061	0.000644905438637107	0.00503524287664602	0.0127536962589882	0.00262844319652371	0.00672408696218577	0.0182134340951612
60	0.00084278027594499	0.000450426206605629	0.00403109929840343	0.0092718024606781	0.0250403972310469	0.00616957067481453	0.00015520838350323	0.00528728056538653	0.0172698488475429	0.0130353343650877	0.0220844506822391	0.120945900600557	0.140432515368334	0.123836020611918	0.110152823363395	0.0744775676892851	0.15837449339588	0.057591516831613	0.0375580055704048	0.0843470888547909	0.0847579609925146	0.0703378146162699	0.0582650444510745	0.078233900020543	0.0635386477860523
61	0.0117989238632298	0.00514313188971121	0.0160792054974433	0.00757511402517508	0.00746035057690777	0.0242117182234475	0.00622288612608265	0.0161278683912733	0.00559568208395367	0.147144621816075	0.105905710003838	0.00061832768501885	0.001518788791493	0.0143016436031901	0.0531146398093424	0.000167774658500674	0.0019499650749958	0.000307514422426411	0.000293702884288196	9.34645563242184e-05	0.000111763568523685	0.00115491115100866	0.000329470595664533	0.00287101477595562	0.00527091969624711
62	0.00210695068986247	0.328967401138686	0.0183116752882631	0.0371214863767629	0.0318270469478727	0.0322525102533747	0.0418480604020585	0.096743457964148	0.185941763674985	0.4627277050452	0.106398618655649	0.00277996105540995	0.0230373741135034	0.0738955438592289	0.104743493211957	0.00214751562880863	0.0149857517476377	0.00426204199503272	0.00302693788909263	0.00350024763434198	0.00412936974229615	0.0122880062787427	0.00319220399354969	0.00703974827263116	0.0181606075057779
63	0.00215377181630386	0.00115364263120421	0.0185692679564346	3.31893966455955	0.488035994631384	0.62987693269991	0.0339663846772851	12.4132188854821	12.6313518776844	11.6633178072419	8.48950501041644	0.0094961056666716	0.363694467717806	1.02281666222544	1.07430364438494	0.00695545798527082	0.345615346352845	0.0172909425241517	0.0174843125197687	0.00301890516927225	0.00397054782913091	0.112237494438885	0.0185967847330647	0.0265606445503329	0.149299680839355
64	0.0266412209451499	0.0142114064369857	0.118180804655323	0.209481037850034	0.471505503001372	0.952938088035653	2.25510020811019	0.983372428964815	1.42891704625813	1.09043505104655	1.40538972036863	0.0690214562220228	0.338053455676029	0.280068276031687	0.40184739300981	0.00452032865617531	0.223612367768914	0.0127699410154967	0.00993794657448631	0.0057761095808367	0.0132645708958373	0.0163736597054293	0.00794390213991151	0.0091541780029161	0.0351883781503356
65	0.00215377181630386	0.00375048759785911	0.0175795698103019	0.00395893968284037	0.00480100507658418	0.0011713746413968	0.00163453828876839	0.00179568019201806	0.00221123588822328	0.00691764091379293	0.00646674720365421	0.330508715278449	0.139453740369372	0.0121299951725445	0.0495024884253235	0.580217498273718	0.201789458881744	0.190000753140585	0.0124314241227289	0.0254831112817981	0.0596052757816052	0.367926130392573	0.04619909908096	0.179591243655458	0.154887560071902
66	0.00182602393121414	0.00422389473337319	0.00641722085620277	0.00475872547735357	0.00092899802811304	0.00154363353167121	0.00577181176152639	0.00889764285621651	0.00401691759607373	0.0101098122165233	0.013930027116405	0.00436348317558017	0.0117983370564552	0.0133199395181037	0.0253651320094531	0.00671098634002698	0.011802937217166	0.000285934462957891	0.000893096525692678	0.00035516531403203	0.000282350067849309	0.00490526779191854	0.000600368640988704	0.0893572033409994	0.194178803331009
67	0.00168556055188998	0.000206828360176054	0.00160430521405069	1.3359279146208	12.5753782617581	18.3886361967966	0.000654785367904254	0.219581284432939	0.237645093646564	4.1358045665877	7.6493636442151	0.00102551908734833	0.00652838102756042	1.96570625019011	1.60967608165917	0.00134219726800539	0.00696486266081624	0.0285826563160549	0.0305331120931443	0.000392551136561717	0.00169410040709585	0.0542497780987244	0.0250983378208448	0.0693402678611691	0.205489563080083
68	0.000983243655269155	0.000386079605661967	0.00259400336018337	0.000497009743733207	0.0197642557584049	0.000213428430423994	7.27539297671394e-05	0.000707821028070614	0.000830420464572935	0.000533298308332054	0.00610778112026992	0.171593473174255	0.0475935370184999	0.108574984380121	0.150037736305653	0.0602694508951137	0.0280853911809219	0.119148351215566	0.0902387127134448	0.0398719797279115	0.0335996580740678	0.101992314873486	0.0642101583106212	0.0860302333388448	0.0155016691734839
69	0.000374569011531107	0.00104333417244365	0.00127892500162351	0.000902615396664904	0.00123393631215014	2.48172593516272e-05	3.39518338913317e-05	3.80038135876839e-05	0.000101388545093207	9.14225671426379e-05	0.000460762435388783	0.0204953005839174	0.0300527318646854	0.00584560159755978	0.00570292866294615	0.425888780261455	0.0131634921939263	0.0156724455640127	0.00159438708613592	0.00474799946127029	0.0144939701495978	0.00437748581430705	0.00733621193013026	0.00565685110306091	0.0012971862504127
70	0.00210695068986247	0.00734930106492245	0.0389371654204529	0.00837489981968829	0.00709867958886376	0.00221866298603547	0.00146477911931174	0.00211871260751338	0.00491975844999896	0.0113897281565203	0.00492372881537549	0.427606270043808	0.299148354855213	0.025018579865383	0.127884394073616	0.615311163270388	0.390503837084298	0.246853156360401	0.0358557276288161	0.0444050107096361	0.0973166567187286	0.472097874373608	0.0788313311893339	0.251366613054348	0.30287831541876
71	9.36422528827767e-05	0.00102494942931689	0.00197939629226536	0.000736945482087169	0.030876774155757	0.00179676957705781	6.30534057981874e-05	7.12571504769074e-05	0.000811108360745657	0.000845658746069401	0.0255991036777628	0.777147413090399	1.73739794643362	2.67355951845034	2.54295457434933	0.42868822027758	1.24931364421998	1.1317663693164	0.516869124855913	0.374774177948851	0.172792359230697	1.09529041513778	0.552844337956293	2.95669427450508	2.25203859275835
72	0.000234105632206941	0.00335061943485207	0.00105748569038834	0.00656966902635848	0.0362025567444051	0.00410477469675914	0.00100400423078652	0.00404265567038988	0.0173084730551975	0.0127077368328266	0.0219880120329717	0.0697151897222879	0.0590736516614994	0.0587460649098278	0.113053220780119	0.047374769998919	0.0579979536663739	0.073107507689479	0.0338717346757673	0.0446106327335494	0.0563288385359372	0.102389703656628	0.0421209852635124	0.0789554115872753	0.154828863861476
73	0.000374569011531107	7.35389725070414e-05	0.00113431157387809	0.000639828635610565	0.00194309511223643	0.00028291675660855	0.000465625150509692	0.000180518114541498	0.000280025505495524	0.00256745042725574	0.000626851220238229	0.0030112055554983	0.0465713680540665	0.00920719437376464	0.0229451685206523	0.00319251207318426	0.0571040150173834	0.0504809201867357	0.0170647369707856	0.00187396435430058	0.0206527310045609	0.0562801864125944	0.0595243542833923	0.0197163056603584	0.10675079790161
74	0.000187284505765553	7.35389725070414e-05	0.00431128781466017	0.000708381703711697	0.141725386197245	0.000352405082793107	0.021777676310297	0.0228260405361026	0.000193121038272775	0.00303218181023082	0.0285404824804192	1.92608571177936	5.18444580915787	2.1327967477631	4.03173034773896	1.46264988568553	4.66686074631401	3.6757684461717	3.53711178697406	1.10830738212039	1.82775787046402	2.2339272536368	3.12042333310758	3.71445678696869	2.97846876261051
75	0.00028092675864833	6.43466009436612e-05	0.00373735327329556	0.000228510227003773	0.0179559008181848	0.000481454831421568	0.000329817814944365	0.000403790519369142	0.000743515997350186	0.0002818862486898	0.00927954114062062	0.030468976413815	0.00507227240841474	1.74798362071356	1.25168162995929	0.00452991577951821	0.00208749409791742	1.20854786510539	1.02498710254732	0.00427133022401678	0.00252938602448339	0.866245455253867	1.96578264824804	2.73473426829207	1.34732455335852
76	0.000749138023062214	0.00648062195218303	0.00127892500162351	0.00844916564346452	0.0261821428991858	0.000322624371571154	0.000252213623192749	0.00160091064738118	0.00474112148959664	0.00043425719392753	0.0053255565206564	0.0700520023637209	0.0602983257981319	0.0830060552549169	0.0699565180604455	0.0922520943670137	0.0539703179950979	0.162826189179851	0.168213831523753	0.108596467993109	0.126910473205184	0.0988380414072902	0.0601100797867959	0.100726021014024	0.069044352324003
77	0.000234105632206941	0.00149376037904927	0.00248554328937431	0.00102829602151698	0.00165234000420105	0.000233282237905296	0.00157148488297021	0.000840834375627508	0.000796624282875199	0.000487587024760735	0.000407185408017995	0.00173936080501237	0.0154771810180716	0.0271753539917092	0.0159877734903498	0.00191742466857913	0.0325698196783304	0.0475298607294155	0.0166631432310446	0.000289740124605077	0.0566288354830271	0.24355585966836	0.173777435291059	0.0304087062395719	0.0254800249458894
78	0.000187284505765553	3.67694862535207e-05	0.00068691378179072	0.00176524150360414	0.143696847661485	0.741306427188717	0.175826847199238	0.442858439737281	0.6298594383007	0.387928808027998	0.328389673863775	0.000960167380801629	0.031499197380393	0.0814070675405717	0.0888268951183375	0.000369104248701484	0.0332869352978502	0.00180192661562143	0.000893096525692678	4.67322781621092e-05	0.00159410142473256	0.0076807800741813	0.0010543059061265	0.00256537445949263	0.00397960306687699
79	0.000187284505765553	0.000284963518464785	0.00299169028648326	0.00118825318041962	0.00170198112020709	0.000263062949127248	0.000281315195099605	0.000745824841658298	0.000111044597006846	0.000213319323332821	0.000798297707824753	0.504439768725337	1.08680186522692	0.24290482668944	0.109921503324024	0.365676852106398	0.602971442245742	0.0882782191958487	0.0353822066521065	0.430838892059933	0.18046286940727	0.0377270975996165	0.0369958871087307	0.124360535321498	0.0262254668182985
80	0.000187284505765553	0.000234405474866194	0.00130152084970873	0.000599839345884905	0.0123322715335005	0.000585687320698403	0.000615983272028447	0.000688819121276772	0.00273266269155977	0.00178274005928144	0.00443617786630131	0.197161071597067	0.240875080779072	0.47151544692785	0.460700549180464	0.10363200977503	0.221858872726663	0.315347947713484	0.0895853736443139	0.0987406305287205	0.0173292354142513	0.255638962355795	0.0698111584369182	0.552858238008628	1.5026229869034
81	0.000187284505765553	0.000464214763950699	0.00390004337950915	0.000359903607530943	0.00167361476820364	0.000297807112219527	0.000189160217394562	0.000356285752384537	0.00039589812845919	0.000670432159046011	0.000776866896876437	0.0456355993870009	0.037743106856531	0.00577866722812207	0.0271267230785067	0.0683418087498319	0.0468188088031738	0.0455013445393746	0.00692299655822177	0.00407038142791971	0.00934108141134799	0.142066489973539	0.0145259924844096	0.0648107785811274	0.0928867529990095
82	0.000187284505765553	0.000386079605661967	0.176116559145829	0.00528429899946225	0.224654416279335	0.0088746519441419	0.00180429745822505	0.00019952002133534	0.0199831994352754	0.0046244581879651	0.0294566496484596	0.423750519357552	0.187987479973082	0.120035635858288	0.398217447776609	0.286980950146239	0.205468360244897	1.03071281411519	0.451379375596059	0.227483383637515	0.299808713711325	1.10764051341388	0.537827800362783	0.479825233864947	1.20292600608973
83	0.00028092675864833	0.00594746440150697	0.026577236517837	0.581501400167852	5.40953424293823	2.58216138375876	0.00169274143258211	0.561962391521083	1.05914819427725	1.77964692909311	1.88585242872165	0.529042172712998	0.852440700820256	3.11102024563872	1.4458392153126	0.571224776578082	0.635580555930622	0.699417276354471	0.363448328402021	0.373325477325825	0.201627359909807	0.471861924783617	0.38256661254807	0.815433332832283	0.632897758538464
84	9.36422528827767e-05	0	0.00014009425812837	0	0.00717668705687326	9.9269037406509e-06	0.000101855501673995	0	2.89681557409163e-05	9.14225671426379e-05	0.00371824569953274	0.0105065435909707	0.00191415603245309	0.123635217503605	0.226827092452124	0.00101144151267549	0.000628704104784541	0.212309036241168	0.116066584721563	0.000831834551285544	0.000288232360929503	0.212956923366367	0.243559307452807	0.214379124265335	0.197160570820646
85	0.000187284505765553	0	9.03833923408842e-06	1.14255113501886e-05	0.000531869100064717	0	2.91015719068557e-05	3.32533368892234e-05	0	2.28556417856594e-05	7.50078383191043e-05	0.000336812641433032	0.000626801723473305	0.00194853386585326	0.00595204255149918	0.000944331649275225	0.000687645114608092	0.0664608801731748	0.00130068420184772	0.000107484239772851	0.000347055291731442	0.277725085818901	0.0256474554802857	0.0100310149763755	0.0217117282365457
86	9.36422528827767e-05	0.000294155890028165	0.00197939629226536	0.0248504871866603	0.113890903293858	0.0359304280892859	0.000397721482727028	0.00409491091407295	0.0176802310538726	0.0352129254444393	0.0228184559572189	0.00259898709881906	0.0071117887855625	0.0343150200650646	0.0480078050940053	0.00119359685619051	0.00402763567127596	0.00893949820983446	0.00210387168132973	0.000869220373815231	0.00103528358211413	0.0114621827137742	0.0053008158058027	0.00813203661671201	0.00824094794379837
87	9.36422528827767e-05	0.000211424545957744	0.000768258834897515	0.000674105169661131	0.000226930816027612	3.97076149626036e-05	0.000421972792649408	0.000304030508701471	0.000613159296516062	0.000495205572022622	0.000192877298534839	0.00117130366349099	0.0091802344730244	0.00135356169307363	0.000809620137797347	0.00405535317404487	0.0241019612670136	0.0128131009344338	0.00267329564066399	0.00427600345183299	0.00613523168264228	0.121756197635102	0.0133398983400173	0.0152319108532375	0.0492695990315125
88	9.36422528827767e-05	3.67694862535207e-05	0.000230477650469254	0.000794073038838112	0.0200266445144368	0.00186129445137204	0.000174609431441134	0.000275527648510708	0.00252505757541654	0.000396164457618097	0.00888842884081386	0.122202664187993	0.0730513300949541	0.0866279483567128	0.0487106621367085	0.241590714679299	0.12462094177026	0.219689382379402	0.369040671076325	0.151375195422704	0.562041339226371	0.174422629800992	0.497339524940008	0.0828535782464262	0.14910598334495
89	9.36422528827767e-05	0.00352067830877461	0.00175795698103019	0.000731232726412074	0.0197287978184006	0.00011912284488781	0.0213848050895545	0.0312961404894577	0.000410382206329648	0.00265887299439838	0.00520768706044067	0.473261977648208	0.37604246167023	0.351740111395152	0.533068133805119	0.346996342272766	0.302833996722585	0.614699750470928	0.896081506026873	0.354272727519133	0.218591893153087	0.242643107307079	0.436131209834331	0.336028980714597	0.575839172383433
90	0.000140463379324165	1.83847431267603e-05	8.586422272384e-05	7.99785794513206e-05	0.0428331915252119	2.97807112219527e-05	9.70052396895192e-06	0.000142514300953814	0.00115389820367983	0.0280972023018373	0.00033217756969889	0.00250850012052362	0.0153132482596247	0.0265357589059711	0.0200892557268836	0.0018742826135361	0.0163757772293098	0.0263329455414616	0.0263373566033129	0.000210295251729491	0.00337055393495113	0.119514676530187	0.0296303889034303	0.0314709316017055	0.0796918448952639
91	59.0788037014909	20.5294750866277	40.7456873903282	33.569352025546	13.7705803202476	11.2979034528203	23.7453111911113	23.5033730047225	19.4587309755861	14.314328460866	12.9046485357719	16.2883950701688	14.3420527399648	13.8809462169698	18.1707940834383	13.0717454772146	17.1215529148564	14.2138291285861	8.0784536746936	10.8267566219404	13.5860558595491	17.5945622312386	14.3607519983306	9.91323322360344	14.1801768223339
92	0	0.000652658380999993	0.0538639826655499	0.0878621822829508	0.353742592659043	0.308622473844966	0.00419062635458723	0.00909716287755185	0.0386097235766846	0.265620650285672	0.249427850924707	0.104763812648722	0.0995361136875608	0.218451470388197	0.280511135435302	0.0482567853464654	0.128913811985742	0.0330820778652413	0.119614995078678	0.0493492857391873	0.0756933473559357	0.0513749186206759	0.1994688201841	0.119640647155791	0.104837301441725
93	0	0.000114904644542252	0.0395246574706686	0.00146817820849924	7.80074680094919e-05	0.000134013200498787	0.00015520838350323	0.000513051483433733	0.1198267762223	0.00277315120332668	0.000192877298534839	0.00041724551102898	0.000371259482364957	0.00470771731711875	0.000756238590250269	0.000445801235444649	0.00100690891781899	0	0.000101896919038762	2.80393668972655e-05	0.000282350067849309	0.000347715185249921	0.000109823531888177	0.000360755783366152	0.0012326204189442
94	0	3.67694862535207e-05	0.00916487598336565	0.0101629923459928	0.0222463115587069	0.00999639206683546	0.000237662837239322	0.000840834375627508	0.00338444619573039	0.0414220414628768	0.00236274690705178	0.0285486416522117	0.00125842499866563	0.0156923910570625	0.0524295766158216	0.014653918029616	0.00106093817682391	0.0671082789572304	0.0249887209101528	0.00765474716295349	0.00632346506120849	0.462504660780552	0.0340965458668829	0.136611200464974	0.278296342492387
95	0	0.000225213103302814	0.00351591396206039	0.00125680624852075	0.0160198972939493	0.000203501526683343	0.000305566505021985	0.000361036229082997	0.000376586024631912	0.000121896756190183	0.00482193246337099	0.00720879593753683	0.00367884396161639	0.114881689411585	0.168712381022539	0.00840790717171952	0.00375257762543273	0.105407312023986	0.259135852988399	0.0101409043611777	0.0045646594302305	0.158328384083709	0.187219835594172	0.106788722373372	0.149282071976228
96	0	2.29809289084504e-05	0.00179862950758359	8.5691335126415e-05	0.00117011202014237	0.000287880208478876	0.000712988511717966	0.000109260964064591	0.000531082855250133	3.04741890475459e-05	0.00062149351750115	0.0246979180203057	0.186468691181589	0.581488615914003	0.240305933207762	0.00506200112504892	0.0605078583346934	0.0841132870184243	0.0373661996051554	0.00508914509185369	0.00559406071926444	0.0234583566048965	0.0246077927117443	0.276554381429093	0.0431593235261748
97	0	0.000712408796161964	0.017489186417961	0.00934606828445433	0.722959030335969	0.181915474499298	0.000242513099223798	0.00308780985399932	0.0075944848300769	0.0448122949944163	0.0916006436958376	0.0904668700780425	0.322180907416997	0.0774728140480664	0.0191728724939921	0.0305445749704656	0.201037961006494	0.00590751390450738	0.00427367666321395	0.0212164542855975	0.0816697571254127	0.00565658096004783	0.00222575691293373	0.0352738988180237	0.010271836824535
98	0	0.00575902078445768	0.00346620309627291	0.000611264857235093	0.0429750232852292	0.000188611171072367	0.00901178676715633	0.0206503222082077	0.000280025505495524	0.00333692370070628	0.0110582984493308	0.772065061142805	0.718970506134195	0.72870704291616	1.06468606890187	0.558632090067188	0.449454670409486	0.973369466817467	1.00071166007043	0.574442509624279	0.415401655030216	0.525422481711578	0.830221971661868	2.41706374855321	0.982615649877104
99	0	0.000395271977225347	0.020241360714741	0.0023136660484132	0.0159347982379389	0.000560870061346776	0.000552929866230259	0.000152015254350735	0.0010476816326298	0.00830421651545628	0.00279136312601809	0.327799132983936	0.200595837718333	0.0227353741523412	0.23154246248545	0.519598117376589	0.239192441365606	0.782661970004288	0.11769094148977	0.0259083750130733	0.0566758938276686	1.20216937020397	0.18039613347952	0.331339155530837	0.495941890751678
100	0	0.000114904644542252	0.000501627827491907	0.000325627073480377	0.000673700860081975	9.43055855361835e-05	0.000242513099223798	0.000166266684446117	0.000135184726790942	0.000487587024760735	0.000782224599613516	0.00327763943603488	0.00510120171872889	0.00720660044279316	0.0194931617792745	0.0036574875553147	0.00478895704816349	0.0450697453500042	0.00150447803992525	0.00143935416739296	0.00130586906380305	0.145909984610498	0.0131202512762409	0.0787549917076274	0.117151766389082
101	0	6.89427867253513e-05	0.00656183428394819	0.000108542357826792	0.0220690218586853	1.98538074813018e-05	4.85026198447596e-05	9.50095339692099e-06	0.000376586024631912	0.00043425719392753	0.00605420409289913	0.280202982400534	0.0621498016582377	0.231481360972071	0.269114175034001	0.0671913539486844	0.0323684378947666	0.201680906202921	0.273365458035342	0.049807262065176	0.037517265265477	0.310205409641086	0.444089755111827	0.0747115206357318	0.0141868740599435
102	0	4.59618578169009e-05	0.000519704505960084	0.000125680624852075	0.00297137537236155	0.000124086296758136	0.000329817814944365	0.000807581038738284	0.000420038258243287	0.000243793512380367	0.000557201084656203	0.0030112055554983	0.0851727111165841	0.0244310448447632	0.0245021303241087	0.00267480741266789	0.107223520370676	0.0867892019925208	0.0168669370691221	0.00096268493013945	0.0165115966761044	0.560485832624191	0.0547506914306528	0.0545142072642185	0.122205510106753
103	0	0.0156546087724364	0.000650760424854366	0.0296949039991403	0.0793619613176567	0.071741733333684	0.258606268488289	0.0462078868459252	0.056188566085464	0.0633253648408005	0.044693956232712	0.0020761734464454	0.00674535085491656	0.034947177998643	0.00361215138401893	0.000479356167144784	0.00495104482517826	0.00125163764917416	0.000431563421811227	0.000233661390810546	0.000335290705571055	0.000807195965758747	0.000139109807058358	0.00416372299968433	0.000311089915257346
104	0	0	0.000370571908597625	0.0198746769936531	0.0772983092094056	0.00061050458005003	0.000717838773702442	0.000427542902861444	0.00256850980902791	0.000617102328212806	0.00916702938314196	6.7498711188941	2.40376050176152	1.43259630907525	1.46315263056703	9.82004729807301	3.6249064864041	5.59061219971216	9.31278500043785	13.4980203739647	19.6329884407646	4.93998963684563	5.23938784363325	3.77068959470089	1.91208775083458
105	0	0	0.000126536749277237	3.4276534050566e-05	0.000453861632055225	6.45248743142308e-05	1.94010479379038e-05	0	3.86242076545551e-05	9.14225671426379e-05	0.000594705003815755	0.0517836868567412	0.0437989758156269	0.0672318555240972	0.0619937705513397	0.0911064331275377	0.0382085096181167	0.0237703253545749	0.00676116027504256	0.00549104268404783	0.0242762235419604	0.176782125700902	0.0102355531719781	0.0903492817452563	0.160739572251366
106	0	0	5.42300354045305e-05	0.000828349572888678	0.0595551560312466	0.215711618284344	9.70052396895192e-06	0.00140139062604584	0.00387207681736915	0.00457874690439378	0.127877648928598	0	0.000303757758298601	0.023501400824795	0.006290125685964	0	0.000422410570402113	0.000318304402160671	0.00033566043918651	2.33661390810546e-05	0.000458818860255128	0.000999681157593525	0.00174985494141829	0.00116744579894879	0.00149088374481822
107	0	1.83847431267603e-05	1.80766784681768e-05	0	0.000283663520034516	0	0	9.50095339692099e-06	1.93121038272775e-05	6.09483780950919e-05	0.000225023514957313	0.00950113272102135	0.0678392326866877	0.215617915415334	0.0964159717946137	0.00182155343515018	0.022427054237861	0.0332816924903251	0.0141217141914896	0.00246279105914315	0.00177645251021857	0.00897850281913191	0.0108432433817594	0.106067210806639	0.0175325580542206
108	0	9.19237156338018e-06	0.000135575088511326	0	0.000921906440112177	0	0.000101855501673995	3.80038135876839e-05	0	7.61854726188649e-05	0.000262527434116865	0.00148298103317529	0.00118610172288025	0.0373716896027199	0.0100713186372153	0.00104979000604707	0.00076132137688753	0.0168917132739841	0.00356639216635667	0.000808468412204489	0.00022352713704737	0.056839014388889	0.00625261974883358	0.130343068728987	0.00676767306210792
109	0	8.27313440704216e-05	4.51916961704421e-05	5.1414801075849e-05	0.00879356912107	3.97076149626036e-05	9.21549777050432e-05	6.17561970799864e-05	3.86242076545551e-05	0.00111992644749731	0.0039807731336496	0.0362299806986248	0.155225036042304	0.113468630501233	0.403181931698487	0.0243177383592549	0.188375467396068	0.494655830937418	0.550171435572346	0.00237867295845135	0.0156763110587168	1.93569939028763	0.496036285694935	0.452518025262925	0.557866392751018
110	0	0	0	0	5.67327040069032e-05	0	0	0	2.89681557409163e-05	0	0.000101796352004498	0.142602450739266	0.0865757826668205	0.000290048934230065	0.00024911388855303	0.122552197692235	0.135431705322063	8.63198378740805e-05	2.39757456561792e-05	0.064518583230608	0.0164763029176232	0.000509154378401671	5.85725503403614e-05	0.00152820158231495	0.0067852819252357
